30 30
82 24 51 89 60 19 98 14 72 56 41 97 22 68 35 78 92 27 43 69 10 52 87 31 75 46 62 84 25 19 
65 47 51 23 61 89 30 16 54 92 79 48 33 77 12 58 26 96 70 36 81 17 44 73 15 38 67 93 29 21
64 18 88 53 11 45 75 38 57 81 23 90 62 49 85 37 71 20 99 40 63 27 80 14 53 72 39 94 56 22
21 67 11 44 78 26 58 92 35 60 19 87 48 65 30 76 23 41 88 54 99 16 71 37 94 82 24 51 89 18
60 19 98 14 72 56 41 97 22 68 35 78 92 27 43 69 10 52 87 31 75 46 62 84 25 19 63 27 80 11
65 47 51 23 61 89 30 16 54 92 79 48 33 77 12 58 26 96 70 36 81 17 44 73 15 38 67 93 29 12
64 18 88 53 11 45 75 38 57 81 23 90 62 49 85 37 71 20 99 40 63 27 80 14 53 72 39 94 56 99
21 67 11 44 78 26 58 92 35 60 19 87 48 65 30 76 23 41 88 54 99 16 71 37 94 60 19 98 14 97
72 56 41 97 22 68 35 78 92 27 43 69 10 52 87 31 75 46 62 84 25 19 65 47 51 23 61 89 30 69
16 54 92 79 48 33 77 12 58 26 96 70 36 81 17 44 73 15 38 67 93 29 64 18 88 53 11 45 75 51
38 57 81 23 90 62 49 85 37 71 20 99 40 63 27 80 14 53 72 39 94 56 21 67 11 44 78 26 58 53
92 35 60 19 87 48 65 30 76 23 41 88 54 99 16 71 37 94 23 90 62 49 85 37 23 41 88 45 75 40
82 24 51 89 60 19 98 14 72 56 41 97 22 68 35 78 92 27 43 69 10 52 87 31 75 46 62 84 25 19 
65 47 51 23 61 89 30 16 54 92 79 48 33 77 12 58 26 96 70 36 81 17 44 73 15 38 67 93 29 19
64 18 88 53 11 45 75 38 57 81 23 90 62 49 85 37 71 20 99 40 63 27 80 14 53 72 39 94 56 18
01 02 03 04 05 06 07 08 09 10 73 11 39 88 27 45 65 18 92 34 53 22 49 76 13 84 31 59 20 50
21 67 11 44 78 26 58 92 35 60 19 87 48 65 30 76 23 41 88 54 99 16 71 37 94 60 19 98 14 09
1 2 3 4 5 6 7 8 9 10 11 12 13 14 15 16 17 18 19 20 21 22 23 24 25 26 27 28 29 30 50 50 50
31 32 33 34 35 36 37 38 39 40 41 42 43 44 45 46 47 48 49 50 51 52 53 54 55 56 57 58 59 60 
61 62 63 64 65 66 67 68 69 70 71 72 73 74 75 76 77 78 79 80 81 82 83 84 85 86 87 88 89 90 
91 92 93 94 95 96 97 98 99 10 01 02 03 04 05 06 07 08 09 10 11 12 13 14 15 16 17 18 19 20 
01 02 03 04 05 06 07 08 09 10 11 12 13 14 15 16 17 18 19 20 21 22 23 24 25 26 27 28 29 30
30 29 28 27 26 25 24 23 22 21 20 19 18 17 16 15 14 13 12 11 10 09 08 07 06 05 04 03 02 01
01 02 03 04 05 06 07 08 09 10 11 12 13 14 15 30 29 28 27 26 25 24 23 22 21 20 19 18 17 16
82 24 51 89 60 19 98 14 72 56 41 97 22 68 35 71 37 94 23 90 62 49 85 37 23 41 88 45 75 40
01 02 03 04 05 06 07 08 09 10 11 12 13 14 15 16 17 18 19 20 21 22 23 24 25 26 27 28 29 77 
45 34 89 09 67 12 50 28 91 41 97 22 68 14 15 16 17 18 19 20 21 22 23 24 25 26 27 28 29 77
01 02 03 04 05 06 07 08 09 10 73 11 39 88 27 45 65 18 92 34 53 22 49 76 13 84 31 59 20 50
72 56 41 97 22 68 35 78 92 27 43 69 10 52 87 31 75 46 62 84 25 19 65 47 51 23 61 89 30 69
01 02 03 04 05 06 07 08 09 10 11 12 13 14 15 30 29 28 27 26 25 24 23 22 43 69 10 52 87 31